1 0.8821914225941424 0.12552301255230128 0.0321652719665272 0.055788005578800565
1 0.7872646443514646 0.020223152022315203 0.03059623430962347 0.03765690376569038
0 0.8468880753138076 0.06485355648535565 0.02588912133891199 0.06276150627615064
1 0.7817730125523014 0.17364016736401675 0.02588912133891199 0.057182705718270575
1 0.8782688284518829 0.4281729428172943 0.04001046025104614 0.08089260808926077
1 0.9351464435146446 0.40376569037656906 0.04079497907949801 0.09344490934449091
1 0.8794456066945608 0.6213389121338911 0.03451882845188294 0.0767085076708507
1 0.8755230125523014 0.8089260808926082 0.0376569037656904 0.06973500697350075
1 0.7813807531380754 0.7984658298465831 0.03138075313807533 0.06834030683403071
1 0.7821652719665272 0.6290097629009763 0.03138075313807533 0.0669456066945606
1 0.7805962343096234 0.46094839609483956 0.03922594142259427 0.07112970711297073
0 0.8402196652719667 0.5062761506276151 0.02510460251046041 0.06136680613668062
1 0.02941945606694561 0.21617852161785214 0.0321652719665272 0.05578800557880058
1 0.12983786610878664 0.21687587168758718 0.032165271966527215 0.05718270571827059
1 0.221234309623431 0.22036262203626222 0.037656903765690364 0.055788005578800544
1 0.3204759414225942 0.23430962343096234 0.0353033472803347 0.050209205020920536
1 0.4138336820083683 0.24965132496513248 0.04471757322175733 0.0669456066945607
1 0.5107217573221758 0.25523012552301255 0.034518828451882796 0.0585774058577406
1 0.7747123430962344 0.9721059972105998 0.03373430962343093 0.05299860529986063
