1 0.24163179916317992 0.18061366806136683 0.03294979079497907 0.040446304044630385
1 0.31302301255230125 0.17852161785216178 0.0313807531380753 0.050209205020920515
1 0.38519874476987453 0.16945606694560666 0.042364016736401666 0.06555090655509066
1 0.4652196652719665 0.06345885634588563 0.034518828451882866 0.04323570432357043
0 0.45776673640167376 0.17642956764295675 0.03216527196652713 0.04602510460251045
0 0.596626569037657 0.1799163179916318 0.018043933054393335 0.03068340306834031
0 0.6582112970711299 0.18410041841004188 0.026673640167363857 0.03905160390516041
0 0.7209728033472804 0.18479776847977686 0.025104602510460268 0.04323570432357045
0 0.7825575313807533 0.18898186889818688 0.029027196652719595 0.040446304044630385
0 0.8390428870292888 0.19246861924686193 0.022751046025104815 0.039051603905160374
0 0.8927824267782427 0.19595536959553697 0.026673640167364142 0.037656903765690364
0 0.9484832635983264 0.19804741980474197 0.023535564853556394 0.041841004184100396
0 0.9915010460251047 0.200836820083682 0.01699790794979066 0.030683403068340276
1 0.45894351464435146 0.43584379358437936 0.029811715481171532 0.04602510460251039
1 0.4612970711297072 0.5732217573221757 0.02667364016736407 0.044630404463040424
1 0.4636506276150628 0.7126917712691772 0.029811715481171605 0.047419804741980445
1 0.4652196652719666 0.8493723849372385 0.023535564853556536 0.050209205020920536
1 0.5064069037656904 0.42956764295676436 0.027458158995815794 0.047419804741980515
1 0.5103294979079499 0.5683403068340307 0.02118200836820094 0.04881450488145056
1 0.5091527196652721 0.7126917712691772 0.023535564853556536 0.04463040446304035
1 0.5083682008368201 0.04323570432357043 0.031380753138075264 0.0502092050209205
1 0.5193514644351466 0.2629009762900976 0.025104602510460337 0.046025104602510504
