0 0.08629707112970712 0.39748953974895396 0.02981171548117156 0.03626220362622035
0 0.140821129707113 0.40585774058577406 0.0274581589958159 0.041841004184100396
0 0.1969142259414226 0.41143654114365413 0.02039748953974893 0.03626220362622035
0 0.25889121338912136 0.4184100418410041 0.02039748953974893 0.039051603905160374
0 0.3267520920502092 0.42189679218967924 0.021182008368200868 0.04881450488145056
0 0.40010460251046026 0.4274755927475593 0.021966527196652735 0.05160390516039058
0 0.47855648535564854 0.4428172942817294 0.023535564853556467 0.04044630404463043
0 0.5625000000000001 0.4511854951185495 0.03138075313807533 0.057182705718270554
0 0.6503661087866109 0.4581589958158996 0.025104602510460268 0.05439330543933053
1 0.7405857740585773 0.47629009762900976 0.03608786610878667 0.07391910739191068
1 0.8315899581589961 0.49163179916318 0.04079497907949801 0.07112970711297073
1 0.9594665271966528 0.5 0.05177824267782441 0.06834030683403071
1 0.015298117154811717 0.029288702928870293 0.030596234309623434 0.05299860529986053
1 0.0160826359832636 0.1610878661087866 0.027458158995815905 0.07670850767085076
1 0.01569037656903766 0.2880055788005579 0.03138075313807532 0.07112970711297073
1 0.020397489539748955 0.5195258019525802 0.026673640167364017 0.07670850767085077
1 0.02353556485355649 0.6352859135285914 0.02353556485355649 0.07391910739191082
1 0.021574267782426784 0.7698744769874477 0.02275104602510461 0.0753138075313808
1 0.02471234309623431 0.8856345885634588 0.029027196652719668 0.05578800557880058
