0 0.21103556485355654 0.4253835425383542 0.02039748953974897 0.039051603905160374
0 0.2698744769874477 0.4281729428172943 0.026673640167364 0.044630404463040424
0 0.33028242677824265 0.4372384937238493 0.029811715481171532 0.04323570432357045
0 0.39892782426778245 0.4490934449093445 0.025889121338912132 0.04463040446304049
0 0.46835774058577406 0.4532775453277546 0.025104602510460268 0.047419804741980515
0 0.5444560669456068 0.46373779637377965 0.025104602510460195 0.04881450488145049
0 0.6256537656903767 0.47838214783821487 0.025889121338912205 0.05020920502092053
0 0.71038179916318 0.48884239888423986 0.0321652719665272 0.04602510460251039
0 0.8037395397489542 0.50278940027894 0.033734309623431075 0.06834030683403071
1 0.8947437238493725 0.5174337517433751 0.0431485355648536 0.0753138075313808
1 0.14356694560669458 0.05927475592747559 0.028242677824267787 0.04881450488145049
1 0.1467050209205021 0.18967921896792192 0.045502092050209234 0.05578800557880058
1 0.14435146443514646 0.31659693165969316 0.034518828451882866 0.050209205020920536
1 0.04942468619246863 0.407252440725244 0.025104602510460254 0.039051603905160374
1 0.1098326359832636 0.4170153417015342 0.028242677824267783 0.03626220362622043
1 0.15847280334728037 0.4198047419804742 0.023535564853556484 0.047419804741980445
1 0.1427824267782427 0.5383542538354255 0.03138075313807533 0.050209205020920536
1 0.1419979079497908 0.6569037656903766 0.03138075313807532 0.05020920502092047
1 0.14239016736401675 0.7845188284518828 0.0368723849372385 0.05160390516039059
1 0.1419979079497908 0.903068340306834 0.0360878661087866 0.04881450488145049
1 0.9848326359832638 0.5327754532775454 0.030334728033472657 0.07531380753138073
