0 0.29419456066945615 0.13528591352859135 0.025104602510460268 0.04741980474198046
0 0.4377615062761507 0.14504881450488147 0.02039748953974893 0.036262203626220374
0 0.5032688284518829 0.14644351464435146 0.0227510460251046 0.03626220362622035
0 0.569560669456067 0.15481171548117156 0.023535564853556467 0.03905160390516041
0 0.6311453974895399 0.15760111576011154 0.021182008368200868 0.03626220362622034
0 0.6903765690376571 0.16527196652719667 0.02039748953974893 0.03207810320781032
0 0.7476464435146446 0.1701534170153417 0.02039748953974893 0.030683403068340345
0 0.8037395397489542 0.17642956764295675 0.022751046025104672 0.0292887029288703
0 0.8539487447698746 0.18410041841004182 0.0211820083682008 0.03347280334728033
0 0.8998430962343096 0.18410041841004182 0.02039748953974893 0.03347280334728033
0 0.9488755230125524 0.19386331938633194 0.014905857740585872 0.03347280334728033
0 0.9934623430962344 0.19735006973500696 0.013075313807531188 0.03207810320781032
1 0.21888075313807534 0.1401673640167364 0.025104602510460268 0.037656903765690364
1 0.14592050209205024 0.1304044630404463 0.02981171548117155 0.04323570432357043
1 0.06354602510460251 0.13040446304044628 0.032949790794979075 0.04881450488145047
1 0.2953713389121339 0.401673640167364 0.0321652719665272 0.05578800557880058
1 0.30321652719665276 0.023709902370990233 0.027458158995815937 0.04184100418410042
1 0.2922332635983264 0.5362622036262203 0.019612970711297067 0.0376569037656904
1 0.29772489539748953 0.6743375174337518 0.024320083682008366 0.04323570432357045
1 0.3000784518828452 0.8117154811715481 0.025889121338912132 0.06136680613668062
1 0.3024320083682009 0.9330543933054394 0.0243200836820084 0.047419804741980445
0 0.5679916317991632 0.9888423988842399 0.020397489539749004 0.022315202231520174
0 0.629576359832636 0.9804741980474198 0.0243200836820084 0.03347280334728026
0 0.6864539748953976 0.9700139470013948 0.023535564853556536 0.03207810320781022
0 0.7441161087866109 0.9630404463040446 0.019612970711297067 0.029288702928870265
0 0.7990324267782427 0.9470013947001393 0.01647489539748946 0.036262203626220214
0 0.8461035564853557 0.9351464435146443 0.0211820083682008 0.04044630404463035
0 0.8947437238493725 0.9267782426778243 0.016474895397489604 0.029288702928870123
0 0.9425993723849373 0.9156206415620641 0.01647489539748946 0.029288702928870407
0 0.9873169456066947 0.9086471408647142 0.018043933054393335 0.04044630404463035
