0 0.2804654811715481 0.1589958158995816 0.022751046025104634 0.04463040446304046
0 0.6001569037656904 0.5230125523012552 0.025104602510460195 0.04741980474198037
0 0.6680177824267782 0.5369595536959554 0.029027196652719738 0.044630404463040424
0 0.7409780334728034 0.5362622036262203 0.025889121338912132 0.04602510460251039
0 0.8213912133891215 0.5550906555090656 0.025104602510460268 0.05299860529986063
0 0.9104341004184101 0.5718270571827057 0.0321652719665272 0.06136680613668069
1 0.24633891213389128 0.02092050209205021 0.025104602510460233 0.04184100418410042
1 0.31537656903765693 0.029288702928870296 0.028242677824267766 0.04741980474198048
1 0.24633891213389128 0.16387726638772662 0.025104602510460233 0.05718270571827059
1 0.2467311715481172 0.3089260808926081 0.033734309623430964 0.07670850767085077
1 0.24830020920502094 0.43584379358437936 0.0227510460251046 0.05160390516039044
1 0.2522228033472803 0.5801952580195259 0.021182008368200833 0.04463040446304049
1 0.2804654811715481 0.5760111576011158 0.019612970711297032 0.041841004184100396
1 0.24986924686192474 0.7119944211994421 0.0196129707112971 0.07112970711297066
1 0.247907949790795 0.8375174337517433 0.026673640167364034 0.04881450488145063
1 0.24045502092050214 0.9581589958158995 0.0274581589958159 0.05020920502092039
1 0.3161610878661088 0.891910739191074 0.029811715481171567 0.04602510460251054
1 0.3196914225941423 0.7831241283124128 0.03530334728033473 0.04044630404463035
1 0.31929916317991636 0.6645746164574616 0.021966527196652735 0.04323570432357059
1 0.509544979079498 0.6359832635983264 0.03059623430962347 0.047419804741980515
1 0.5071914225941423 0.7642956764295675 0.02432008368200833 0.05299860529986049
1 0.5009152719665273 0.8953974895397491 0.03373430962343093 0.05020920502092053
1 0.5138598326359833 0.403068340306834 0.03294979079497899 0.0669456066945606
1 0.5173901673640168 0.2663877266387727 0.03373430962343093 0.058577405857740565
1 0.515821129707113 0.13737796373779637 0.03530334728033473 0.07112970711297072
1 0.3196914225941423 0.14504881450488147 0.027458158995815937 0.052998605299860536
1 0.3204759414225941 0.25592747559274753 0.021182008368200868 0.037656903765690364
1 0.31929916317991636 0.37447698744769875 0.021966527196652735 0.0376569037656904
1 0.3243985355648536 0.4881450488145049 0.021182008368200833 0.04184100418410047
1 0.39892782426778245 0.4930264993026499 0.022751046025104672 0.04323570432357037
1 0.47110355648535573 0.5125523012552301 0.029027196652719668 0.04044630404463028
1 0.5311192468619247 0.5167364016736403 0.023535564853556467 0.03765690376569033
1 0.5181746861924686 0.019525801952580194 0.030596234309623396 0.03905160390516039
