0 0.12042364016736404 0.401673640167364 0.0274581589958159 0.039051603905160374
0 0.174163179916318 0.40585774058577406 0.021966527196652735 0.03626220362622035
0 0.234571129707113 0.41073919107391915 0.021966527196652697 0.03765690376569033
0 0.30321652719665276 0.4211994421199442 0.029027196652719668 0.05578800557880058
0 0.36833158995815907 0.4177126917712692 0.030596234309623396 0.05439330543933053
0 0.44011506276150636 0.4302649930264994 0.025104602510460268 0.04602510460251047
0 0.5189592050209205 0.4428172942817294 0.02432008368200833 0.04881450488145056
0 0.6036872384937239 0.4511854951185495 0.027458158995815937 0.04881450488145049
0 0.6907688284518829 0.46792189679218965 0.025889121338912132 0.03765690376569033
1 0.7829497907949792 0.4811715481171548 0.047071129707112934 0.0725244072524407
1 0.8747384937238495 0.4951185495118549 0.04079497907949786 0.07531380753138066
1 0.04903242677824268 0.03556485355648536 0.02745815899581591 0.057182705718270575
1 0.05217050209205021 0.1596931659693166 0.030596234309623428 0.06276150627615064
1 0.05256276150627616 0.2894002789400279 0.03138075313807532 0.06555090655509062
1 0.06864539748953975 0.392608089260809 0.025889121338912125 0.04323570432357037
1 0.01843619246861925 0.398884239888424 0.024320083682008373 0.03068340306834031
1 0.05334728033472804 0.510460251046025 0.028242677824267797 0.05020920502092045
1 0.05687761506276152 0.6317991631799164 0.029027196652719658 0.04463040446304049
1 0.05648535564853559 0.7629009762900975 0.028242677824267794 0.05578800557880044
1 0.055700836820083685 0.8849372384937239 0.028242677824267773 0.057182705718270485
