0 0.261244769874477 0.4295676429567643 0.03138075313807537 0.041841004184100396
0 0.3185146443514645 0.4316596931659693 0.026673640167364034 0.03765690376569033
0 0.3820606694560669 0.4414225941422594 0.021966527196652735 0.04323570432357045
0 0.4463912133891214 0.4483960948396095 0.02039748953974893 0.04323570432357045
0 0.5173901673640168 0.45467224546722457 0.025889121338912063 0.047419804741980445
0 0.5970188284518829 0.4741980474198047 0.020397489539749004 0.047419804741980445
0 0.6786087866108786 0.48326359832635984 0.026673640167363857 0.04602510460251054
0 0.7652981171548118 0.49163179916317995 0.02275104602510453 0.04323570432357045
0 0.85826359832636 0.5097629009762901 0.028242677824267873 0.05160390516039051
1 0.9535826359832638 0.5271966527196653 0.0431485355648536 0.08089260808926085
1 0.19063807531380753 0.06136680613668061 0.032949790794979034 0.06415620641562064
1 0.19181485355648537 0.18270571827057183 0.030596234309623396 0.06136680613668061
1 0.1890690376569038 0.3138075313807531 0.03138075313807533 0.061366806136680586
1 0.20554393305439334 0.4211994421199442 0.02039748953974893 0.047419804741980515
1 0.1561192468619247 0.42189679218967924 0.021966527196652735 0.04323570432357037
1 0.09296548117154814 0.407252440725244 0.024320083682008366 0.05020920502092047
1 0.026673640167364017 0.399581589958159 0.021966527196652718 0.04323570432357045
1 0.023143305439330547 0.28870292887029286 0.019612970711297074 0.03626220362622039
1 0.021574267782426784 0.1771269177126918 0.021182008368200844 0.0585774058577406
1 0.018043933054393307 0.06415620641562064 0.02353556485355649 0.04463040446304046
1 0.030203974895397497 0.5725244072524407 0.024320083682008376 0.04881450488145042
1 0.028242677824267783 0.686192468619247 0.02196652719665272 0.05857740585774067
1 0.029419456066945612 0.798465829846583 0.024320083682008376 0.05160390516039058
1 0.025889121338912132 0.9121338912133891 0.021966527196652718 0.05299860529986049
1 0.18514644351464438 0.9051603905160391 0.0282426778242678 0.05299860529986049
1 0.18828451882845193 0.7873082287308227 0.028242677824267766 0.05160390516039044
1 0.18789225941422596 0.6569037656903766 0.03530334728033473 0.06694560669456066
1 0.18789225941422596 0.5383542538354255 0.0321652719665272 0.05578800557880058
