0 0.9088650627615064 0.5676429567642957 0.035303347280334664 0.06415620641562064
0 0.8268828451882846 0.5564853556485356 0.021966527196652662 0.05857740585774053
0 0.7445083682008368 0.5460251046025104 0.021966527196652662 0.05160390516039058
0 0.6719403765690379 0.5376569037656904 0.018043933054393193 0.057182705718270554
0 0.6005491631799164 0.5258019525801952 0.027458158995815937 0.05299860529986049
1 0.5389644351464437 0.5139470013947001 0.0282426778242678 0.05439330543933053
1 0.5150366108786611 0.40027894002789405 0.040010460251046 0.06973500697350075
1 0.522097280334728 0.27266387726638774 0.035303347280334664 0.06834030683403068
1 0.5205282426778244 0.14225941422594143 0.041579497907949875 0.06136680613668062
1 0.5279811715481172 0.02092050209205021 0.039225941422594134 0.04184100418410042
1 0.3220449790794979 0.03835425383542538 0.022751046025104634 0.04323570432357043
1 0.32479079497907953 0.15411436541143655 0.028242677824267835 0.04044630404463043
1 0.32518305439330547 0.26638772663877264 0.029027196652719703 0.06415620641562064
1 0.32596757322175735 0.3765690376569038 0.029027196652719703 0.05299860529986049
1 0.3267520920502092 0.48535564853556484 0.021182008368200868 0.050209205020920536
1 0.402458158995816 0.49651324965132493 0.02667364016736407 0.047419804741980445
1 0.47934100418410047 0.5090655509065551 0.025104602510460268 0.04463040446304049
1 0.5111140167364018 0.6422594142259415 0.03373430962343093 0.06276150627615067
1 0.5111140167364018 0.7601115760111575 0.027458158995815864 0.06136680613668062
1 0.5067991631799164 0.8891213389121339 0.029811715481171605 0.059972105997210576
1 0.32635983263598334 0.6652719665271967 0.023535564853556467 0.047419804741980445
1 0.3243985355648536 0.7754532775453278 0.024320083682008296 0.047419804741980445
1 0.3236140167364017 0.891910739191074 0.022751046025104565 0.059972105997210576
1 0.24986924686192474 0.9609483960948395 0.0274581589958159 0.041841004184100396
1 0.25104602510460255 0.8326359832635984 0.025104602510460233 0.05578800557880058
1 0.2530073221757323 0.7078103207810321 0.02902719665271963 0.059972105997210576
1 0.25771443514644354 0.5760111576011158 0.024320083682008366 0.06415620641562071
1 0.2887029288702929 0.5767085076708507 0.021966527196652697 0.04323570432357037
1 0.2549686192468619 0.4344490934449094 0.026673640167364034 0.0627615062761506
1 0.24986924686192474 0.299163179916318 0.033734309623430964 0.05997210599721061
1 0.2502615062761507 0.1729428172942817 0.026673640167364034 0.055788005578800565
1 0.2514382845188285 0.024407252440725245 0.0321652719665272 0.04881450488145049
0 0.28791841004184104 0.16666666666666663 0.02039748953974897 0.06276150627615064
