0 0.18396966527196654 0.14156206415620642 0.0274581589958159 0.03207810320781032
0 0.3322437238493724 0.1506276150627615 0.0227510460251046 0.02510460251046025
0 0.395397489539749 0.15341701534170155 0.023535564853556536 0.03905160390516041
0 0.4636506276150628 0.15829846582984658 0.02667364016736407 0.037656903765690385
0 0.5240585774058578 0.1610878661087866 0.021966527196652662 0.040446304044630385
0 0.5856433054393306 0.16736401673640167 0.019612970711297136 0.03347280334728032
0 0.6472280334728034 0.1820083682008368 0.023535564853556394 0.03486750348675034
0 0.6982217573221758 0.18061366806136683 0.025104602510460268 0.02649930264993028
0 0.7492154811715482 0.18758716875871692 0.021966527196652662 0.03207810320781032
0 0.7978556485355649 0.19735006973500696 0.023535564853556536 0.037656903765690364
0 0.844534518828452 0.19735006973500696 0.018043933054393335 0.03486750348675034
0 0.8868985355648537 0.20641562064156205 0.014905857740585872 0.03626220362622039
0 0.9324006276150629 0.2126917712691771 0.02118200836820094 0.040446304044630385
0 0.971234309623431 0.21896792189679218 0.014121338912133866 0.03347280334728037
0 0.9661349372384939 0.8744769874476986 0.016474895397489604 0.03068340306834031
0 0.9241631799163181 0.8807531380753139 0.015690376569037597 0.029288702928870265
0 0.8810146443514646 0.893305439330544 0.015690376569037597 0.034867503486750454
0 0.836689330543933 0.9044630404463041 0.025889121338912132 0.034867503486750454
0 0.7915794979079499 0.9184100418410043 0.01725941422594147 0.032078103207810356
0 0.7449006276150628 0.9281729428172943 0.018043933054393335 0.029288702928870407
0 0.6958682008368201 0.9400278940027894 0.01725941422594133 0.03068340306834017
0 0.642520920502092 0.9483960948396095 0.0188284518828452 0.03626220362622035
0 0.5852510460251047 0.9658298465829848 0.020397489539749004 0.029288702928870265
0 0.5248430962343097 0.9762900976290098 0.025104602510460195 0.0334728033472804
0 0.4652196652719666 0.9811715481171548 0.025104602510460268 0.0376569037656904
0 0.3993200836820084 0.9874476987447699 0.017259414225941398 0.025104602510460268
1 0.18789225941422596 0.2733612273361227 0.027458158995815864 0.04184100418410044
1 0.18946129707112974 0.40237099023709905 0.019612970711297067 0.04602510460251047
1 0.18946129707112974 0.5362622036262203 0.025889121338912132 0.04881450488145056
1 0.19259937238493727 0.6743375174337518 0.0274581589958159 0.04602510460251054
1 0.1949529288702929 0.811018131101813 0.029027196652719668 0.05160390516039044
1 0.201229079497908 0.9198047419804741 0.021182008368200833 0.05439330543933039
1 0.03491108786610879 0.13389121338912133 0.030596234309623434 0.04741980474198048
1 0.11297071129707115 0.13668061366806136 0.034518828451882866 0.04741980474198048
1 0.19887552301255235 0.03347280334728034 0.0274581589958159 0.03626220362622037
