0 0.3785303347280335 0.46931659693165967 0.021182008368200868 0.05160390516039058
0 0.4405073221757323 0.4811715481171548 0.0243200836820084 0.041841004184100396
0 0.5103294979079499 0.49511854951185497 0.0321652719665272 0.05299860529986056
0 0.5781903765690377 0.5076708507670851 0.02824267782426766 0.03905160390516045
0 0.6535041841004184 0.5167364016736401 0.03294979079497907 0.05160390516039051
0 0.7307792887029291 0.5313807531380753 0.029027196652719595 0.047419804741980515
0 0.8155073221757323 0.5488145048814504 0.038441422594142266 0.06555090655509069
0 0.905726987447699 0.5599721059972106 0.033734309623431075 0.04881450488145056
1 0.31145397489539756 0.10948396094839609 0.0376569037656904 0.057182705718270575
1 0.307923640167364 0.2419804741980474 0.03687238493723846 0.0627615062761506
1 0.3047855648535565 0.37587168758716877 0.0368723849372385 0.07391910739191075
1 0.32518305439330547 0.4755927475592748 0.022751046025104565 0.050209205020920536
1 0.2675209205020921 0.46931659693165967 0.02039748953974897 0.029288702928870265
1 0.2024058577405858 0.4483960948396095 0.025104602510460233 0.04881450488145049
1 0.13572175732217576 0.43584379358437936 0.020397489539748948 0.0376569037656904
1 0.13493723849372385 0.3298465829846583 0.02510460251046025 0.03765690376569044
1 0.13415271966527198 0.22036262203626222 0.025104602510460268 0.05299860529986052
1 0.12983786610878664 0.10320781032078102 0.025889121338912115 0.06694560669456066
1 0.05256276150627616 0.11576011157601115 0.03138075313807532 0.06136680613668062
1 0.053739539748953985 0.2503486750348675 0.030596234309623434 0.06555090655509066
1 0.0549163179916318 0.38354253835425384 0.032949790794979075 0.047419804741980515
1 0.062369246861924695 0.5251046025104603 0.025889121338912132 0.05160390516039051
1 0.09414225941422595 0.5285913528591353 0.0235355648535565 0.05578800557880051
1 0.058446652719665274 0.6471408647140865 0.025889121338912132 0.05299860529986056
1 0.13415271966527198 0.7266387726638773 0.018828451882845192 0.03905160390516045
1 0.058054393305439336 0.7761506276150628 0.025104602510460258 0.05160390516039058
1 0.05256276150627616 0.8974895397489538 0.025104602510460268 0.05160390516039044
1 0.1314069037656904 0.8361227336122732 0.02588912133891215 0.05439330543933053
1 0.13219142259414227 0.9337517433751743 0.024320083682008383 0.04881450488145049
1 0.13572175732217573 0.6073919107391911 0.023535564853556484 0.04323570432357045
1 0.301647489539749 0.5857740585774058 0.025889121338912132 0.05578800557880058
1 0.30047071129707115 0.7119944211994421 0.025104602510460268 0.08228730822873075
1 0.294586820083682 0.8361227336122734 0.030596234309623434 0.057182705718270485
1 0.294586820083682 0.9490934449093444 0.030596234309623434 0.05160390516039058
0 0.09531903765690376 0.12552301255230125 0.016474895397489517 0.03626220362622035
