1 0.2506537656903766 0.023012552301255235 0.02902719665271963 0.043235704323570434
1 0.2506537656903766 0.1596931659693166 0.0321652719665272 0.06276150627615064
0 0.2867416317991632 0.16178521617852162 0.016474895397489534 0.047419804741980494
1 0.2518305439330544 0.3054393305439331 0.03451882845188283 0.0669456066945607
1 0.2494769874476988 0.4323570432357043 0.0329497907949791 0.05857740585774053
1 0.328321129707113 0.4881450488145049 0.032165271966527166 0.05299860529986056
1 0.32086820083682016 0.37308228730822873 0.026673640167364 0.05160390516039051
1 0.32126046025104604 0.25523012552301255 0.027458158995815864 0.0502092050209205
1 0.32126046025104604 0.14853556485355646 0.027458158995815864 0.05439330543933051
1 0.31733786610878667 0.034867503486750356 0.02902719665271963 0.05857740585774059
1 0.5217050209205021 0.13598326359832635 0.03608786610878653 0.07670850767085077
1 0.5193514644351466 0.2712691771269177 0.03765690376569033 0.0711297071129707
1 0.5150366108786611 0.41213389121338906 0.040010460251046 0.06555090655509069
1 0.47541841004184104 0.5132496513249651 0.021966527196652735 0.041841004184100396
1 0.401673640167364 0.49372384937238495 0.02667364016736407 0.050209205020920536
1 0.5322960251046025 0.5125523012552301 0.024320083682008473 0.05439330543933053
0 0.6013336820083682 0.5292887029288703 0.027458158995815937 0.0376569037656904
0 0.6688023012552301 0.5355648535564853 0.03059623430962347 0.05299860529986042
0 0.7409780334728034 0.5467224546722455 0.030596234309623327 0.05299860529986056
0 0.8229602510460251 0.5557880055788006 0.03294979079497907 0.05160390516039051
0 0.9104341004184101 0.5676429567642957 0.029027196652719738 0.06973500697350082
1 0.509937238493724 0.6471408647140865 0.03294979079497907 0.06415620641562071
1 0.508760460251046 0.7649930264993026 0.03687238493723854 0.059972105997210576
1 0.5020920502092051 0.902370990237099 0.03608786610878653 0.05578800557880058
1 0.32518305439330547 0.6631799163179916 0.0211820083682008 0.0432357043235703
1 0.3220449790794979 0.7733612273361229 0.025889121338912132 0.06834030683403071
1 0.32322175732217573 0.893305439330544 0.0282426778242678 0.06555090655509062
1 0.24437761506276154 0.9490934449093444 0.032165271966527235 0.04044630404463035
1 0.2518305439330544 0.8361227336122732 0.026673640167363965 0.06555090655509062
1 0.2514382845188285 0.7036262203626219 0.025889121338912097 0.06276150627615053
1 0.25967573221757323 0.5774058577405858 0.029811715481171532 0.05578800557880058
1 0.288310669456067 0.5746164574616458 0.018043933054393335 0.05020920502092047
