0 0.3969665271966528 0.17642956764295675 0.023535564853556467 0.03207810320781032
0 0.5334728033472804 0.18131101813110181 0.023535564853556467 0.03626220362622035
0 0.6025104602510462 0.18410041841004182 0.01882845188284513 0.03068340306834031
0 0.6656642259414227 0.1931659693165969 0.025889121338912274 0.03486750348675038
0 0.7252876569037658 0.19804741980474197 0.014905857740585731 0.03347280334728033
0 0.7821652719665272 0.20013947001394697 0.0188284518828452 0.03207810320781032
0 0.837081589958159 0.2099023709902371 0.023535564853556394 0.037656903765690364
0 0.8892520920502094 0.20641562064156205 0.01961297071129721 0.030683403068340276
0 0.9394612970711297 0.21548117154811713 0.018043933054393335 0.03486750348675034
0 0.9861401673640168 0.2105997210599721 0.0188284518828452 0.03626220362622035
0 0.9837866108786613 0.9567642956764297 0.018828451882845057 0.02789400278940022
0 0.9363232217573223 0.9595536959553695 0.016474895397489604 0.039051603905160305
0 0.8876830543933054 0.9728033472803347 0.016474895397489604 0.034867503486750454
0 0.8355125523012552 0.9811715481171548 0.01569037656903774 0.0376569037656904
0 0.7786349372384939 0.9895397489539749 0.018043933054393193 0.02092050209205027
1 0.4004968619246862 0.43793584379358436 0.0243200836820084 0.03905160390516045
1 0.3997123430962343 0.3068340306834031 0.027458158995815864 0.04184100418410044
1 0.4052039748953976 0.06276150627615062 0.021182008368200868 0.04184100418410042
1 0.32596757322175735 0.17503486750348674 0.033734309623431005 0.05160390516039051
1 0.25261506276150636 0.1708507670850767 0.026673640167364034 0.04881450488145049
1 0.1796548117154812 0.17642956764295675 0.029811715481171567 0.05160390516039049
1 0.10237970711297073 0.17642956764295675 0.029027196652719685 0.04881450488145047
1 0.022358786610878662 0.1771269177126918 0.02588912133891214 0.04463040446304046
1 0.4004968619246862 0.5718270571827057 0.027458158995815864 0.05299860529986042
1 0.40088912133891214 0.705718270571827 0.026673640167364 0.047419804741980445
1 0.4028504184100419 0.8521617852161785 0.03373430962343093 0.04463040446304049
1 0.4055962343096235 0.9609483960948395 0.025104602510460268 0.0334728033472804
1 0.44011506276150636 0.4232914923291492 0.0188284518828452 0.0376569037656904
1 0.44168410041841016 0.5725244072524407 0.020397489539749004 0.0627615062761506
1 0.4397228033472804 0.7147838214783822 0.018043933054393266 0.0376569037656904
1 0.4452144351464436 0.8577405857740587 0.02432008368200833 0.06415620641562057
1 0.44952928870292896 0.2615062761506276 0.020397489539749004 0.05160390516039048
1 0.4424686192468619 0.04602510460251047 0.026673640167364 0.05857740585774059
