1 0.2514382845188285 0.023012552301255228 0.033734309623430964 0.046025104602510455
1 0.28752615062761505 0.5788005578800558 0.016474895397489534 0.03347280334728033
1 0.2526150627615063 0.1610878661087866 0.021966527196652735 0.05160390516039051
1 0.2518305439330544 0.299860529986053 0.029811715481171567 0.04741980474198048
1 0.2526150627615063 0.4372384937238493 0.03138075313807533 0.057182705718270554
1 0.25692991631799167 0.5801952580195259 0.0211820083682008 0.050209205020920536
1 0.24947698744769878 0.7043235704323569 0.029811715481171532 0.05299860529986049
1 0.2486924686192469 0.8389121338912133 0.025104602510460268 0.05439330543933053
1 0.24359309623430966 0.9574616457461645 0.02902719665271963 0.04881450488145049
1 0.3204759414225941 0.8960948396094841 0.021182008368200868 0.05160390516039044
1 0.3204759414225941 0.7705718270571827 0.0180439330543933 0.04044630404463035
1 0.3271443514644352 0.6659693165969316 0.01882845188284513 0.04323570432357045
1 0.3243985355648536 0.48465829846582986 0.0274581589958159 0.059972105997210576
1 0.32400627615062766 0.3786610878661088 0.026673640167364034 0.04602510460251047
1 0.3259675732217574 0.26220362622036264 0.02588912133891217 0.055788005578800544
1 0.32243723849372385 0.14574616457461645 0.0235355648535565 0.05718270571827059
1 0.31812238493723854 0.03695955369595537 0.02275104602510453 0.057182705718270575
1 0.5205282426778244 0.027196652719665274 0.041579497907949875 0.05439330543933055
1 0.5197437238493724 0.14086471408647142 0.046286610878661136 0.07252440725244075
1 0.5201359832635984 0.2775453277545328 0.034518828451882796 0.06415620641562061
1 0.5181746861924686 0.4107391910739191 0.03373430962343093 0.06555090655509062
1 0.40402719665271974 0.5 0.01882845188284513 0.05160390516039044
1 0.4730648535564855 0.5083682008368201 0.029811715481171532 0.04044630404463035
1 0.5338650627615062 0.5209205020920503 0.030596234309623396 0.04881450488145056
0 0.5989801255230126 0.5278940027894002 0.018043933054393335 0.03765690376569026
0 0.6680177824267785 0.5383542538354253 0.025889121338912132 0.03626220362622035
0 0.7409780334728034 0.5467224546722455 0.027458158995815864 0.047419804741980515
0 0.823352510460251 0.5529986052998606 0.03059623430962347 0.057182705718270624
0 0.9104341004184101 0.5725244072524407 0.0243200836820084 0.05160390516039051
1 0.5103294979079499 0.6401673640167364 0.030596234309623396 0.05857740585774053
1 0.5107217573221757 0.7629009762900977 0.029811715481171532 0.0669456066945608
1 0.502876569037657 0.8960948396094838 0.031380753138075264 0.05439330543933053
0 0.28791841004184104 0.16666666666666663 0.01725941422594147 0.03486750348675034
