0 0.06040794979079498 0.3919107391910739 0.02981171548117155 0.047419804741980445
0 0.11610878661087869 0.396792189679219 0.0282426778242678 0.03486750348675038
0 0.1722018828451883 0.40237099023709905 0.030596234309623452 0.0376569037656904
0 0.2373169456066946 0.4142259414225941 0.02588912133891217 0.05020920502092047
0 0.3028242677824268 0.4205020920502092 0.023535564853556467 0.04602510460251047
0 0.375 0.4288702928870293 0.026673640167364 0.04323570432357037
0 0.4503138075313808 0.4309623430962344 0.026673640167363996 0.047419804741980515
0 0.5350418410041842 0.44490934449093444 0.029811715481171532 0.05857740585774067
0 0.6229079497907951 0.45188284518828453 0.023535564853556536 0.050209205020920536
1 0.7088127615062763 0.4728033472803347 0.04942468619246867 0.07810320781032068
1 0.8033472803347281 0.4818688981868898 0.0423640167364016 0.07670850767085077
1 0.9371077405857742 0.500697350069735 0.046286610878661066 0.06973500697350069
