0 0.562892259414226 0.19735006973500696 0.03059623430962347 0.046025104602510435
0 0.763729079497908 0.200836820083682 0.02275104602510453 0.03347280334728037
0 0.8253138075313808 0.203626220362622 0.023535564853556394 0.03905160390516041
0 0.884152719665272 0.203626220362622 0.028242677824267873 0.0502092050209205
0 0.938284518828452 0.20502092050209206 0.0188284518828452 0.04184100418410044
0 0.9903242677824268 0.2099023709902371 0.019351464435146397 0.04044630404463043
1 0.5754445606694562 0.07740585774058578 0.029027196652719668 0.0488145048814505
1 0.6205543933054394 0.06206415620641563 0.025104602510460195 0.05439330543933055
1 0.03648012552301256 0.2112970711297071 0.03216527196652721 0.04323570432357045
1 0.11807008368200839 0.200836820083682 0.0321652719665272 0.05299860529986052
1 0.18671548117154813 0.20850767085076707 0.0282426778242678 0.0376569037656904
1 0.26399058577405865 0.20223152022315205 0.03530334728033473 0.04463040446304046
1 0.3408734309623431 0.19525801952580196 0.038441422594142266 0.0502092050209205
1 0.41697175732217573 0.19595536959553694 0.025889121338912132 0.05160390516039051
1 0.4887552301255231 0.18898186889818688 0.025104602510460268 0.04881450488145049
1 0.6252615062761507 0.29707112970711297 0.01725941422594147 0.05857740585774059
1 0.6436976987447699 0.2880055788005579 0.018043933054393193 0.0627615062761506
1 0.6213389121338913 0.4442119944211994 0.023535564853556467 0.06834030683403064
1 0.623692468619247 0.599721059972106 0.029811715481171605 0.05578800557880051
1 0.6217311715481172 0.7391910739191074 0.025889121338912205 0.05857740585774053
1 0.6264382845188285 0.8877266387726638 0.02275104602510453 0.05160390516039044
1 0.569560669456067 0.8716875871687586 0.023535564853556536 0.05020920502092039
1 0.569168410041841 0.7357043235704325 0.030596234309623396 0.04881450488145063
1 0.5683838912133892 0.593444909344491 0.025889121338912063 0.059972105997210576
1 0.5675993723849373 0.4623430962343096 0.03216527196652727 0.05160390516039059
1 0.5656380753138075 0.3284518828451883 0.03138075313807533 0.05718270571827059
