1 0.2425431711145997 0.14652014652014653 0.025117739403453677 0.06698063840920981
1 0.24529042386185246 0.2916448630734345 0.03218210361067502 0.06139891854177566
1 0.24529042386185246 0.42421070992499565 0.03846153846153843 0.058608058608058684
1 0.25078492935635793 0.5707308564451421 0.02119309262166407 0.05023547880690742
1 0.28061224489795916 0.5665445665445665 0.027472527472527444 0.04186289900575616
1 0.24450549450549453 0.7039944182801325 0.033751962323390894 0.04884004884004895
1 0.24529042386185246 0.8281876853305425 0.02276295133437994 0.054421768707482984
1 0.24332810047095763 0.9621489621489622 0.03453689167974879 0.05721262864120007
1 0.3175039246467818 0.8847025989883133 0.01962323390894813 0.0669806384092098
1 0.3155416012558869 0.7779522065236351 0.029827315541601215 0.05442176870748284
1 0.32025117739403447 0.6523635095063667 0.029827315541601215 0.054421768707482915
1 0.3214285714285714 0.4772370486656201 0.03375196232339086 0.06139891854177563
1 0.3178963893249607 0.3676957962672248 0.03296703296703299 0.048840048840048805
1 0.31632653061224486 0.2504796790511076 0.02668759811616951 0.05442176870748295
1 0.3131868131868132 0.1360544217687075 0.025117739403453677 0.048840048840048826
1 0.3120094191522763 0.02860631432060003 0.019623233908948236 0.04604918890633176
1 0.5145211930926217 0.11930926216640503 0.035321821036106794 0.0655852084423513
1 0.5117739403453689 0.26164311878597596 0.03296703296703292 0.08233036804465374
1 0.510989010989011 0.39351125065410786 0.036106750392464665 0.058608058608058615
1 0.3987441130298274 0.49119134833420547 0.02668759811616944 0.050235478806907354
1 0.46624803767660905 0.5086342229199371 0.02825745682888531 0.04046746903889762
1 0.5310047095761381 0.5037502180359322 0.03375196232339093 0.058608058608058615
0 0.5989010989010989 0.516309087737659 0.02825745682888538 0.058608058608058615
0 0.6664050235478807 0.5232862375719519 0.02668759811616951 0.050235478806907354
0 0.7401883830455259 0.533751962323391 0.03453689167974886 0.048840048840048736
0 0.8186813186813187 0.5414268271411129 0.02825745682888538 0.053026338740624436
0 0.9081632653061225 0.5553811268096982 0.025117739403453642 0.058608058608058615
1 0.5082417582417582 0.6286412000697714 0.03061224489795926 0.06000348857491702
1 0.5086342229199372 0.757020757020757 0.03139717425431712 0.06558520844235119
1 0.5 0.884004884004884 0.039246467817896404 0.06558520844235133
1 0.24175824175824176 0.016047444618873186 0.026687598116169546 0.03209488923774637
